[[20  0  1  0  0  0  0  0  0  0  0  0  0  3  0  0  0  0  1  0  0  0  0  0
   0  0  0]
 [ 0  4  0  4  0  2  0  1  0  0  0  4  5  0  0  0  0  0  1  1  0  0  9  1
   0  0  0]
 [ 0  0 24  1  0  0  0  0  0  0  0  0  0  0  0  0  0  1  0  0  0  3  0  0
   2  0  0]
 [ 1  0  1 26  0  1  0  0  0  0  0  0  0  0  0  0  0  0  1  1  0  4  2  0
   0  0  0]
 [ 1  0  0  0 10  1  0  2  9  0  2  0  5  1  0  0  0  0  5  0  0  0  0  3
   1  1  0]
 [ 1  0  0  0  9 10  1  0  6  0  0  0  3  0  0  3 13  0  0  0  0  0  0  0
   0  0  0]
 [ 0  0  0  0  0  2 24  0  0  0  0  0  0  1  0  0  0  0  0  0  0  0  0  0
   0  0  0]
 [ 0  1  0  0  0  0  0 17  0  0  0  0  0  0  0  0  0  3  0  0  0  6  0  0
   0  0  0]
 [ 2  1  0  0  0  2  2  0  4  4  0  0  0  4  0  0  6  0  0  0  3  0  0 11
   1  0  1]
 [ 0 20  0  0  0  0  0  0  1 32  0  0  2  0  0  0  0  0  0  0  0  0  0  0
   0  0  6]
 [ 7  0  0  0 18  0  0  0 17  0 16  0  0  3  0  1  0  0  0  0  0  0  0  0
   0  0  0]
 [ 0  3  0  0  0  0  7  0  0  3  0 20  1  5  0  0  0  0  0  0  0  0  0  0
   0  0  3]
 [ 0 10  0  0  0  0  1  0  0  0  0 15 21  0  0  1  0  1  0  0  0  0  0  0
   0  0  0]
 [ 0  0  0  0  0  0  3  0  0  0  0  0  0 19  0  0  0  0  0  0  2  0  0  0
   0  0 10]
 [ 1  0  0  3  0  0  0  0  0  0  0  0  0  0  0  0  0  0  5 12  0  0  5  0
   0  0  0]
 [ 1  0  2  0  0 11  0  0  0  0  6  0  0  0  0 25  0  0  0  0  0  0  0  0
   0  3  4]
 [ 0  0  0  0  0  4  0  0  1  0  0  0  0  2  0  2 19  0  0  0 21  0  0  0
   0  0  9]
 [ 0  0  0  0  0  0  0  1  0  0  0  0  0  0  0  0  0 23  0  0  0  0  1  0
  13  4  0]
 [ 0  0  1  0  0  0  0  0  0  0  0  0  0  1  0  0  0  0 20  1  0  1  0  0
   1  1  0]
 [ 0  0  0  0  0  0  0  0  0  0  0  0  0  0  0  0  0  0  2 22  0  1  0  0
   0  1  0]
 [ 0  0  5  0  0  2  1  1  0  0  3  0  0  0  0  5  1  1  0  0 13  0  0  1
   0  0  6]
 [ 0  0  0  3  0  0  0 11  0  0  0  0  0  0  0  0  0  2  0  0  0 23  2  0
   4  2  0]
 [ 0  0  1  1  0  0  0  1  0  0  0  0  1  0  0  0  0  0  0  1  0  0 19  0
   1  0  0]
 [ 1  0  3  1  0  0  0  0  0  0  0  0  0  0  0  0  0  0  3  0  0  1  0 23
   0  0  0]
 [ 0  0  1  0  0  4  0  3  0  0  0  0  0  0  0  2  0  7  1  0  0  0  1  0
  14 10  0]
 [ 4  0  0  0  2  0  0  2  1  0 12  0  1  0  0  0  0  1  0  1  0  0  0  0
   2 17  0]
 [ 0  0  0  0  0  0  0  0  0  0  0  0  0  0  0  0  0  0  0  0  0  0  0  0
   0  0  0]]